# period radius radius_uncert
6.300479993592309924e+00 1.004274421570904519e+00 2.648618928056173938e-01
6.590838401177198769e+00 1.986645286599533433e+00 3.080813883101937156e-01
6.424372970669983474e+00 1.651909275578391290e+00 3.526602062751886257e-01
6.479681342991876036e+00 1.040053665602972854e+00 1.211945844629758046e-01
6.372611150131589852e+00 1.232727482354290194e+00 1.145182310394677883e-01
6.305948287680908315e+00 1.295557843103912088e+00 3.843484925528688478e-01
6.985396815758076805e+00 1.189263222806801190e+00 1.440260333927999847e-01
7.197682556790222286e+00 1.368537603853268170e+00 4.208816778692485716e-01
6.284492364167355127e+00 1.620660678644012531e+00 4.324974793921227967e-01
7.068213235817735196e+00 1.453275406305010176e+00 4.586159177263096631e-01
6.289678348587739443e+00 1.523057153052520762e+00 1.852101306560090810e-01
6.547950538852102653e+00 1.777668952925032686e+00 2.088255677418577594e-01
6.597180999042842053e+00 1.705487974795042883e+00 5.180944931736825021e-01
7.251580020338437294e+00 2.148329142736883579e+00 5.103633087434920057e-01
6.758780417699485454e+00 2.346452421721455295e+00 5.344808803627265625e-01
6.494879943148299972e+00 2.051440905799204906e+00 5.180126019654442970e-01
7.047995674783382292e+00 2.049558645674712132e+00 2.277008629251881522e-01
6.745966175738955073e+00 1.713670220648050524e+00 2.243153005829953972e-01
6.426520535995614125e+00 2.488353042307112073e+00 5.924676879077593883e-01
6.835558275357092484e+00 2.006239617351698534e+00 2.081713799533377318e-01
6.539118262939955351e+00 2.026956565987553027e+00 2.312582110826835458e-01
7.251133423407850387e+00 1.795398669934129998e+00 6.412045510377830659e-01
6.766120941806703648e+00 3.590855877749012937e-01 6.871330469829449727e-01
6.391584927376554148e+00 1.355351409896762505e+00 7.284301094623445438e-01
6.339776690528202252e+00 1.154413210763372222e+00 7.246039114806122061e-01
6.816052843712126830e+00 2.047682579457819063e+00 2.364294350411107748e-01
7.049485742323858162e+00 2.632867386769548013e+00 7.299474404391852467e-01
6.566054730803664974e+00 2.286693310216676434e+00 6.793219532174969988e-01
6.710215306209788899e+00 3.370814895109659926e+00 7.499749307257818076e-01
6.651054803963393880e+00 2.954583545575073078e+00 7.301793288527067549e-01
7.271614143604038460e+00 3.077542131776872747e+00 7.763609345923848659e-01
6.376841310966421261e+00 2.894691590202997489e+00 7.945456544882090189e-01
6.978378576341972561e+00 3.541349762764547382e+00 8.304206566833350900e-01
6.653663267127975622e+00 2.837239019341867063e+00 2.863858504865851029e-01
6.556835525682994437e+00 3.495394294231652488e+00 8.341172205691700370e-01
6.917256106623086431e+00 2.402560549819912517e+00 2.898624891591542463e-01
6.578093878340985690e+00 1.766935932553443278e+00 3.244882530626385653e-01
6.836454191950277703e+00 4.012855113266474483e+00 8.477170556197732854e-01
6.484531961246050358e+00 3.360580715706956934e+00 8.911308920814805523e-01
6.651686808916192462e+00 3.332616690241995361e+00 8.617776046561960168e-01
6.413222491680892645e+00 2.288253784657312551e+00 1.254695490858328322e+00
6.615666266692605824e+00 6.676244367227518239e+00 1.723970098812815044e+00
6.837366657666802183e+00 1.238041950409692937e+01 3.796668273664505211e+00
8.377156680444716841e+00 2.719613121364942709e-01 1.922700396077339224e-01
7.943111562564388883e+00 7.649350068342198883e-01 2.731625387541989913e-01
7.590905305393712332e+00 3.708146925286481821e-01 2.721124742462140977e-01
8.436704104252029879e+00 9.151171681549306047e-01 3.251431495404693561e-01
7.580393680969941705e+00 1.178571781309036171e+00 3.953679373291767996e-01
8.145501199518932367e+00 3.804116565140304163e-01 3.397821222129623342e-01
7.766653284156421755e+00 1.153382686555389336e+00 3.409531426898979589e-01
7.612771661030548032e+00 6.801840016665436917e-01 2.630496490483365535e-01
8.341926375221207834e+00 1.154989790379013392e+00 3.319937360507027591e-01
7.894721208522841316e+00 6.657937237314911494e-01 4.046212946371124386e-01
7.594517930372219894e+00 1.425606500917288910e+00 3.929648469542642575e-01
8.800088888526826025e+00 1.212349408432010334e+00 1.567867866697408019e-01
7.667484878254268388e+00 1.576933136828201132e+00 1.998928188549770613e-01
7.475137064223742023e+00 1.959578692675206790e+00 4.585473350890965638e-01
8.420100186476524584e+00 1.560375124079843134e+00 1.567244452267863852e-01
8.716335716484513441e+00 1.775826694858787524e+00 5.035684825853494750e-01
7.845705109632116425e+00 1.154604263220506466e+00 5.107824992339475845e-01
8.648599216794426781e+00 1.938135873660028263e+00 5.225915439253102646e-01
7.956014517723498436e+00 1.734765883977133605e+00 2.500394401751368512e-01
8.075998884323059457e+00 2.876190816607873568e+00 5.990848176930466673e-01
7.749518077038636044e+00 3.034083508376773430e+00 6.066708915881291464e-01
8.572838206171956799e+00 1.803436797499365252e+00 2.337657792657659994e-01
7.506064714675649618e+00 1.940411096685995984e+00 2.850517986932214476e-01
7.753095550362917088e+00 1.880221671093216695e+00 1.858774525309453141e-01
7.616227356032418072e+00 2.074607897282706670e+00 2.127088113246112522e-01
7.937935171534278744e+00 2.040152899264040531e+00 1.934669229811800117e-01
8.534443565984513924e+00 2.559408907738096595e+00 6.836775143483345696e-01
7.888210424098653029e+00 1.271955902886570566e+00 6.460827227713245025e-01
7.642662888918112074e+00 1.948956018613826169e+00 2.170092517193310810e-01
7.538725370307393092e+00 2.356859482805591099e+00 3.120303175496889625e-01
7.606438746249925664e+00 1.947199075265919621e+00 7.737122546622209329e-01
8.747853772385912663e+00 2.482510964679472298e+00 2.966321645060147616e-01
8.320910035747475675e+00 2.617195636449958229e+00 7.701201125375745082e-01
7.544848456205373033e+00 3.160784942949360854e+00 7.371256454499635069e-01
8.824602678485709006e+00 2.087562991819010172e+00 7.519043378520948728e-01
7.637428432431482506e+00 2.648202544937702463e+00 3.656269089884034429e-01
7.705902245661626182e+00 1.988955879462387166e+00 2.957617494844782535e-01
8.252193633240075599e+00 2.620514211579531683e+00 2.803183708794659279e-01
7.826704314079830027e+00 2.343334737600586415e+00 8.451214829522789573e-01
8.816752462864490880e+00 3.344528072504226124e+00 9.346236516769176328e-01
7.607689951274403839e+00 2.182598294979120279e+00 3.267145978601231904e-01
8.043076023056487500e+00 3.431172049285760917e+00 3.540336506726708410e-01
8.809458171543722571e+00 3.866090091950986185e+00 1.264397203509861622e+00
8.304224286412345890e+00 5.542590890538450665e+00 6.130508419635231077e-01
7.539739797559691148e+00 7.054572346771675662e+00 7.463695630092750388e-01
8.594707410947385995e+00 4.136306872280184344e+00 2.860440078157632016e+00
7.460896622139506995e+00 1.534256456833705862e+01 3.547401504026068686e+00
9.528175269614129306e+00 3.656361162812567511e-01 2.441740206719759110e-01
9.048421265204744657e+00 1.232432007929265216e+00 3.584729047126846146e-01
9.146972137504453926e+00 1.109974048774855060e+00 1.480094943619379988e-01
9.097944090802881689e+00 1.805570297737740804e+00 3.855044868432748184e-01
1.043953172585795919e+01 1.370654447629461981e+00 1.236594405129897573e-01
9.163213692235547825e+00 1.370475403602871900e+00 3.878517429452247312e-01
9.292236562174544190e+00 2.030288825708211231e+00 4.349615650026802394e-01
9.274396775824751415e+00 1.936680783717574794e+00 4.652090104548308735e-01
9.039129327419116677e+00 1.338208260021113150e+00 4.480350282746635160e-01
1.037271908259019426e+01 1.848061912209697955e+00 1.598127147981900087e-01
9.352997562853293090e+00 2.397527948613080717e+00 5.000119411648467072e-01
9.065805202274345831e+00 1.214109649967906268e+00 4.893743946345228135e-01
1.033501256524835021e+01 8.035845367834314468e-01 5.577721544144090826e-01
8.964876114985100841e+00 1.933229974698056797e+00 2.044555516856748356e-01
9.547094241791967306e+00 1.589387511517005969e+00 5.325417625828078316e-01
1.051074671719171505e+01 1.260694625553603565e+00 5.903191277718655705e-01
1.047615848178113040e+01 1.226327667833936541e+00 6.014955164217590244e-01
9.138112367642950318e+00 1.702984207729759447e+00 6.205759674092619083e-01
1.033057745919622583e+01 2.449745770758420260e+00 2.187668095302198468e-01
1.023249323769552888e+01 2.315735247703213595e+00 2.639749392888676716e-01
9.937601062724557011e+00 2.474268683227125010e+00 3.263348378387568305e-01
1.039686598874877888e+01 2.180893358866963450e+00 4.537879608244119733e-01
1.027317712433151975e+01 2.585998492493881251e+00 2.526510963434945300e-01
9.317915656324361251e+00 2.424274109340502914e+00 2.454956902392564089e-01
1.033140322677540368e+01 2.486327266496353161e+00 2.427833172637174908e-01
9.236370200156674315e+00 2.027349439770609330e+00 7.344899316649413645e-01
1.027273605767920905e+01 2.528293478176514064e+00 2.747132819042099050e-01
1.048364078138097888e+01 3.391518490415168507e+00 8.320290715809334214e-01
9.500917474988444411e+00 1.710047862975830446e+00 8.807806241353652865e-01
9.956495269462420694e+00 1.021538706439843347e+00 7.928995107378521423e-01
9.767477621236206886e+00 2.704021506835767141e+00 4.609637474393584733e-01
9.073036710156440421e+00 3.521089651920948693e+00 9.365070766520295908e-01
1.016586692911022816e+01 3.366976654817579462e+00 9.691719925109000267e-01
9.560907294960845348e+00 3.678358163609561693e+00 1.323199608266199645e+00
8.859672312700524799e+00 5.995852012703195122e+00 1.717845977616788478e+00
1.045704613449854925e+01 3.696334580782990376e+00 1.867898918274183861e+00
1.028234394952353270e+01 2.734521018808692716e+01 6.837052947257927116e+00
1.011604910584233963e+01 3.065861661547827666e+01 3.404133361486445075e+00
1.071883134941267102e+01 9.093840121919433139e-01 2.699989017774097055e-01
1.239398984539117521e+01 9.830989053800623934e-01 3.383723826147886360e-01
1.106517064194663469e+01 1.416927002776712241e+00 3.818281429117344472e-01
1.136841824633206954e+01 8.483460098588362364e-01 3.082476593043055879e-01
1.149415406936654982e+01 1.514225846470545589e+00 3.638679535223954820e-01
1.157162884484984211e+01 8.434786901851700769e-01 4.120636121252969075e-01
1.059885471148217739e+01 1.133542843433513747e+00 1.460001733681478564e-01
1.225891957426513912e+01 1.295054003548788968e+00 5.233908636973996220e-01
1.174550075887433209e+01 1.769231920182727347e+00 2.268944380920696891e-01
1.215594188065187886e+01 2.773395705533451050e+00 5.803666030903211759e-01
1.164940754226900843e+01 1.273510137296157918e+00 6.198708439442670581e-01
1.119064653816195687e+01 2.174245443659015287e+00 6.084674062363267799e-01
1.192158447650647091e+01 2.503904787981699354e+00 2.423293879923023031e-01
1.057181951362133177e+01 3.334396257257812302e+00 6.971145458987064725e-01
1.248366672782556464e+01 2.252754890804308019e+00 6.871275473436481152e-01
1.089581030450994881e+01 2.225206316621884284e+00 2.382278819237287071e-01
1.158975062184717686e+01 2.189083242378212280e+00 7.316819774286891231e-01
1.223271219929560338e+01 7.512159767599018156e-01 8.378731766112281765e-01
1.203377226647337039e+01 3.069892868087030102e+00 2.892321666094960775e-01
1.206414571500456034e+01 2.655723442413944202e+00 3.804460283985491853e-01
1.094076233362167372e+01 2.609111496517987128e+00 9.969317622858107075e-01
1.205851688769130625e+01 4.233738910815126211e+00 4.878375797918801382e-01
1.196914924087440646e+01 2.632291257250671812e+00 1.057838076867282151e+00
1.104529010976434122e+01 7.842401036218864974e+00 8.382334313931217862e-01
1.468445506205957685e+01 8.304066804853308392e-01 8.767051784279007720e-02
1.462982698465849651e+01 8.671267941178933958e-01 9.789273668084629010e-02
1.445890500216032670e+01 5.903283146850617502e-01 2.961326937892455047e-01
1.306802588245995089e+01 1.002213122627613195e+00 3.077851128553881765e-01
1.279500282098546471e+01 9.679612637588893564e-01 1.187892339215643744e-01
1.485483817058611677e+01 1.366946345645633887e+00 3.333875740890404060e-01
1.410867830875871221e+01 1.802684988783087361e+00 3.476795316246124035e-01
1.397728335610128880e+01 1.028909202954671143e+00 1.208022377120888252e-01
1.467864045377494087e+01 1.102711087482378671e+00 4.125074292246975749e-01
1.261333486056344100e+01 9.836767023918208119e-01 3.619799305929792821e-01
1.478531596074625476e+01 1.367312298485824584e+00 3.876106773294511476e-01
1.366742705677104475e+01 1.451935729708938139e+00 1.525247186994075077e-01
1.338692630351909685e+01 1.473005496281541760e+00 4.362157940091655473e-01
1.451921027093313121e+01 1.438785301577963471e+00 4.343968819449429142e-01
1.337447828521303883e+01 1.386253556043276491e+00 4.455511108657339570e-01
1.285576151166683623e+01 1.232883730582554183e+00 2.036678932385309337e-01
1.461407737584139532e+01 1.592377767725766669e+00 4.861331272211947274e-01
1.349698141696912046e+01 1.745433136929903428e+00 1.915873035679911685e-01
1.455668546021379761e+01 1.746163748669472993e+00 5.476936002338137488e-01
1.356832089022741883e+01 8.645875620349656732e-01 6.068910417195260143e-01
1.302824613302986911e+01 1.896535877857998154e+00 5.921435391285471139e-01
1.477201981437622003e+01 2.325071895723723081e+00 5.909268911454860218e-01
1.404988348475054138e+01 2.107980620945177463e+00 6.585135834011922595e-01
1.470405269929222669e+01 6.181393674197335208e-01 6.652536707158683837e-01
1.457409587501239123e+01 2.852692462629488723e+00 6.273623555230301019e-01
1.419565896702675012e+01 2.358541700409150899e+00 2.325551012281544816e-01
1.353124863301757941e+01 2.175489775531419312e+00 6.924112398021181614e-01
1.398448123574532431e+01 2.011374599824020226e+00 6.885787762030141090e-01
1.429975900385432475e+01 2.404799952013484621e+00 2.530325650071698074e-01
1.295207743476808382e+01 2.555918010578327682e+00 2.583291342010311520e-01
1.457006609446108669e+01 3.267693470910145948e+00 7.039378018780314550e-01
1.385554719475678986e+01 2.179259487357497527e+00 7.161245240852414096e-01
1.350407315605098013e+01 2.649844532339125980e+00 6.803389765287556346e-01
1.465131221030845410e+01 2.907469558761365036e+00 7.891893757302690382e-01
1.270203283806998229e+01 2.352292042934435834e+00 2.738742853180473613e-01
1.313872923908224344e+01 1.758323431189042996e+00 7.868933631831589448e-01
1.477229067621047065e+01 3.695482748660987582e+00 8.779455963530247153e-01
1.261479124095038173e+01 4.753036711467300002e+00 8.787167922181040591e-01
1.283947505507866538e+01 3.193570232371812256e+00 3.609558411243715126e-01
1.420175545815232887e+01 3.371002268976409422e+00 9.987614614733546503e-01
1.334477913600487931e+01 5.261693242900355116e+00 1.180234098265579235e+00
1.380087517625763738e+01 8.336839674689210611e+00 1.999415790665026282e+00
1.347637847010724954e+01 9.049097829830085260e+00 2.703198789069320540e+00
1.356028055319703718e+01 1.739471672667275470e+01 2.407811114816071463e+00
1.392639076974749734e+01 4.976186375551723273e+00 5.553771665540089941e+00
1.603807637849641665e+01 7.671421377164973077e-01 1.890301952268127750e-01
1.504895045620773608e+01 7.681973629050463659e-01 1.806998730085358496e-01
1.682052469086891122e+01 1.243536420175398227e+00 1.130477500330789864e-01
1.676575318040754681e+01 1.208134853566363187e+00 1.109967613831760319e-01
1.639602763652927564e+01 8.001886485339733124e-01 3.339456784567906289e-01
1.624479405609560700e+01 5.533383964288643986e-01 3.426248427182124745e-01
1.733471694295923626e+01 1.562604141802625524e+00 3.858856455198180768e-01
1.515920749389490929e+01 1.316385010585092941e+00 1.627993107109212967e-01
1.593297871635101970e+01 1.016440279114456668e+00 4.538783681180959539e-01
1.638289394933944365e+01 1.636240321204273762e+00 4.641349311717852810e-01
1.589290536529192543e+01 1.467738943708557064e+00 1.501641515526083159e-01
1.567026832010671100e+01 2.053424310130885111e+00 1.872204077056151550e-01
1.507782085559839658e+01 2.107851668298180936e+00 1.773799079726750827e-01
1.757278680466497178e+01 1.387190264035761400e+00 1.821161699494965314e-01
1.589937224843923680e+01 1.512379138740810536e+00 1.649132287986785350e-01
1.633681952414895733e+01 1.823051802321208115e+00 5.843321053405370336e-01
1.728074041030839680e+01 2.971661064887122450e+00 6.104543180013124459e-01
1.624007881907994744e+01 2.868090486090174807e+00 6.235377163753381691e-01
1.743108327620720743e+01 1.344337932580559336e+00 6.216189525779854952e-01
1.558579447627213810e+01 1.716328982243379819e+00 6.348126966581896236e-01
1.702637789786043854e+01 1.810731765211758049e+00 6.369659436130441499e-01
1.700428823128336475e+01 2.359255340159162273e+00 2.781486500483370539e-01
1.730789677276145255e+01 1.765587503258838842e+00 6.312833429436316424e-01
1.605481601550573245e+01 2.377468142915566407e+00 2.515646808627517439e-01
1.518120134559782919e+01 3.494077133883671138e+00 8.283262852148572941e-01
1.576087179647186431e+01 2.806067989188557821e+00 2.849871961775607421e-01
1.666737365477640509e+01 2.180355965825818920e+00 2.980265361925463208e-01
1.499334390403653394e+01 2.489436370321092884e+00 7.955539698903624224e-01
1.584958009531487377e+01 3.535065302976112100e+00 8.215887745956227395e-01
1.569516323992500340e+01 2.697808180471367834e+00 2.873818223049192655e-01
1.531501441601175806e+01 3.033562729185125484e+00 3.490447674597217942e-01
1.738643089373326944e+01 3.866936339378027832e+00 1.005936289833270214e+00
1.734509729450105553e+01 3.377617131668286365e+00 5.474042650252053388e-01
1.733144853335070934e+01 3.342530374968313733e+00 3.573159870329690735e-01
1.702865986203620707e+01 5.102574726061547494e+00 1.124440858670108900e+00
1.611735931601792871e+01 2.739932936199707125e+00 1.187692897044681395e+00
1.513022783514733760e+01 8.260729919880125394e+00 2.572281507550964630e+00
1.595017743679984434e+01 9.429633710158107363e+00 1.125614376507489078e+00
1.809262512929274891e+01 9.090352198358937486e-01 2.761754480564338476e-01
1.890416856878140806e+01 8.299824496845604749e-01 9.375789572378465109e-02
1.835858893778655343e+01 2.408555494777480099e-01 2.993520524967990259e-01
1.882817194778609249e+01 9.687228163892217525e-01 1.601570046270991421e-01
2.001850511112982645e+01 1.203925487767758540e+00 1.293443872754013735e-01
1.937768607499744178e+01 1.096501445470729141e+00 3.804015070644745644e-01
1.804696003178220920e+01 7.500724049022480244e-01 4.119418279661821725e-01
1.974260983412106185e+01 1.981982074709739194e+00 1.800414925475480599e-01
1.841662023138594506e+01 1.601391041909642432e+00 1.685227272263852272e-01
1.890132123030425149e+01 1.366111086449822931e+00 4.961653365755123168e-01
1.888924024976077121e+01 1.388092877052433227e+00 4.995689750588535594e-01
1.864151035082991115e+01 1.648401592935017534e+00 5.580987922943233537e-01
1.780636562884260954e+01 1.797553097693683766e+00 5.373889259430569831e-01
1.993607363781770658e+01 2.485355946656077286e+00 6.008652550114133017e-01
2.090804754066414617e+01 2.357690403041720728e+00 2.500889919351727553e-01
1.991642667450905080e+01 3.636947293520902846e+00 6.035074804414292116e-01
1.777036818981808608e+01 2.511306859433568572e+00 6.224836243354364695e-01
1.843583053339636990e+01 1.991954382747535224e+00 2.188670106714274144e-01
1.792418758362582309e+01 2.583191129346526616e+00 2.327226925546483915e-01
2.091557111445583317e+01 2.331122682542209112e+00 7.533621045191992716e-01
1.772396006794599188e+01 1.418957785199448596e+00 6.799850576464736562e-01
2.081885174226828994e+01 2.145513595328415235e+00 2.252065022902759728e-01
2.084355876591711265e+01 2.803838421672748105e+00 2.934943377892810790e-01
2.047292563006112331e+01 1.953646938037729486e+00 7.637392228722467147e-01
2.070600875801498475e+01 3.073147116224590025e+00 7.583512249767281332e-01
1.803598356192279439e+01 2.436255162929685802e+00 2.570707543897663427e-01
1.816935514678748476e+01 3.247468874271803418e+00 8.791675857305626396e-01
1.848801669679393811e+01 2.808870315957598951e+00 2.814536993197793713e-01
1.960693001292212401e+01 2.609723761445103207e+00 2.772101040408688211e-01
1.843915733605508933e+01 9.889109808205853724e-01 8.433729105799340209e-01
2.034998823601065610e+01 2.227579610142402800e+00 2.813465590043381925e-01
2.054714003815237433e+01 2.528348202436810688e+00 9.014727640463191527e-01
2.047784189605652116e+01 1.548251577702974391e+00 8.710632398457969217e-01
1.895000319592490357e+01 3.689463627274981672e+00 1.006178629591292450e+00
1.862148231948959065e+01 1.056570611848831120e+01 1.085602096986302501e+00
2.443599191072622290e+01 1.790529721607749591e+00 3.927840005130707191e-01
2.212580381762531445e+01 1.439276440665908874e+00 1.263318066583258570e-01
2.436549812600438614e+01 9.324582174965425629e-01 3.988967892728841891e-01
2.108247915568792052e+01 1.200028463967993675e+00 1.421897928323364035e-01
2.481459354204008250e+01 1.527922091942696792e+00 1.550766581939181932e-01
2.338144080060846974e+01 1.910874463481872398e+00 4.962768641730858632e-01
2.312031016270737638e+01 1.790496095199340720e+00 1.745161004889963507e-01
2.160760042877953424e+01 1.571413179938386806e+00 5.342818617598823483e-01
2.139107197072376820e+01 2.267078750657705921e+00 5.401368245204082319e-01
2.147448357961719623e+01 2.037345657984258818e+00 6.300505246969081430e-01
2.169729647036930231e+01 1.832698273264268707e+00 2.891906286203372867e-01
2.347416234385188361e+01 1.600667167905597488e+00 2.369971028897693011e-01
2.138053816366868176e+01 1.987097835579021643e+00 6.108567196904978180e-01
2.327816689127121919e+01 1.515714082302924259e+00 6.589495768030341205e-01
2.252508870246235517e+01 3.353376143299634293e+00 7.098983076191264230e-01
2.341323978651322335e+01 3.307480483844380981e+00 8.230332683198454680e-01
2.202977790815907255e+01 1.815280470456349438e+00 8.242527884027506246e-01
2.494033263070773998e+01 2.707372473132125812e+00 2.829702903855537133e-01
2.496970817434914736e+01 2.352941817017020654e+00 2.857199768597462053e-01
2.289351663973060624e+01 2.878781749183277228e+00 4.362521635595073000e-01
2.276961948783558043e+01 2.115695828486835239e+00 9.298786654189294953e-01
2.468089992590105552e+01 3.411976012786923640e+00 3.798373057502614780e-01
2.114964167359444502e+01 3.481832136903034058e+00 3.513970574181208839e-01
2.470752083066331650e+01 3.133222236640887726e+00 1.009807466407692367e+00
2.347024098494486566e+01 5.609238239681930693e+00 1.027952996223125526e+00
2.374056341769372125e+01 3.556905407601157254e+00 3.802018168333792247e-01
2.174421455026782724e+01 3.038727435622299566e+01 5.746590201887432414e+00
2.845811345683735283e+01 9.333634775016617091e-01 3.961726229602368643e-01
2.809631325053164730e+01 1.001285210077065058e+00 1.480282517992769775e-01
2.957862700011270363e+01 1.357435950670042413e+00 4.343084270871632180e-01
2.793030811547525971e+01 1.193441911473483552e+00 4.859852311137433101e-01
2.854371043128812246e+01 2.340057534519326854e+00 4.915896577146793844e-01
2.634011313521823539e+01 1.503007999584968335e+00 4.884774012733167914e-01
2.725872556308713612e+01 1.779317099064340990e+00 1.791820099316525083e-01
2.684553015366822493e+01 1.408770876996229049e+00 6.218291699029334652e-01
2.750907557630296552e+01 1.988310019953170693e+00 2.131754728832511991e-01
2.603926197186104119e+01 2.266294431155500888e+00 6.582355153511213475e-01
2.632222243875386170e+01 2.049082081734150407e+00 2.778739932535114754e-01
2.790675058009465559e+01 2.339284089107891429e+00 2.647440517831372575e-01
2.677825975355515098e+01 1.984034473827144929e+00 5.763074022027512289e-01
2.600123035386063464e+01 1.991309563220256873e+00 7.270811112977559887e-01
2.960877450274648126e+01 3.224177926780515957e+00 3.052505854084781589e-01
2.784863199299204339e+01 3.289468446868020202e+00 8.406872600891426295e-01
2.826285236121226063e+01 2.517148327926225448e+00 3.126051344131892118e-01
2.757919327064035286e+01 3.336714875076682851e+00 8.234462384122309686e-01
2.797035329116271640e+01 2.602328062406046083e+00 3.104225929583708243e-01
2.629289916535967464e+01 3.307829950214294712e+00 3.804407617413754772e-01
2.535879845534370602e+01 3.935431244215313651e+00 5.276071972037874591e-01
2.627431908800073401e+01 2.544483072151297520e+01 8.577157706720056396e+00
2.982868279348743101e+01 1.169838167792983219e+00 2.503924532095953004e-01
3.429958906554463738e+01 1.212851330667918726e+00 3.762933897529019966e-01
2.993418669502351293e+01 1.039481392096703871e+00 4.334961744859867072e-01
3.379632766223312501e+01 1.531101285901625753e+00 4.307833439870845660e-01
3.141163950443930020e+01 1.107130044663808155e+00 4.491903817962613066e-01
3.294098229818174417e+01 1.640689502410815681e+00 1.727732064087217356e-01
3.329824069588717350e+01 1.626382437144440418e+00 5.557041423084619902e-01
3.106895960170076521e+01 2.459211243040926753e+00 7.824344639733489259e-01
3.253391349679446165e+01 2.165773748943991439e+00 2.384929180513950808e-01
3.494090542403053234e+01 2.694344334053047518e+00 3.164894798442003943e-01
3.309246356067152561e+01 1.548688965566124676e+00 7.178264149955236872e-01
3.413860032656266696e+01 2.116820322176783176e+00 2.932395047308832825e-01
3.190410013701354330e+01 2.772863287187182557e+00 2.850432354584858663e-01
3.418685740038061027e+01 3.422860538529966412e+00 9.884327028749489985e-01
3.038578319893690249e+01 4.694935004634387177e+00 3.963810586228216359e-01
3.115367303149320932e+01 4.882456503426255701e+00 4.466750187100761438e-01
3.196024730728226615e+01 4.987708099487102587e+00 5.736803920013702207e-01
3.328314635219597051e+01 5.949851435254440268e+00 1.482810052540895596e+00
2.995367370686056319e+01 7.650925034867968932e+00 7.538448848286045667e-01
3.192292979600624747e+01 9.236469850276797899e+00 2.344161519388005210e+00
3.128217716190016162e+01 2.720875899053331892e+01 3.086484431229739922e+00
4.182379980078580672e+01 1.051888226794029491e+00 1.548909572406338142e-01
4.137850979814501073e+01 1.429669162273115912e+00 4.475035200673130875e-01
3.769428047023381367e+01 1.570559779941367085e+00 1.623162954843923866e-01
4.079434901024053772e+01 1.532381123663576705e+00 2.106989242356699654e-01
4.054905176884557960e+01 1.777142124306664739e+00 2.694024253387867218e-01
4.153975056431927726e+01 2.047629658953982190e+00 1.988758158512371754e-01
3.727069946285004676e+01 1.933404329091668039e+00 2.125072475101750791e-01
4.092559799408579124e+01 2.072420042285775921e+00 2.620699537596428152e-01
3.808837350263371491e+01 2.381515595551369380e+00 2.506253605044624355e-01
3.740457910661402252e+01 2.038115493992939342e+00 2.228817365339182122e-01
3.730150939689046652e+01 2.427785124829024532e+00 2.380150764146955200e-01
3.663905181916136655e+01 3.296779653233808727e+00 6.969009760166997580e-01
3.778298243803315160e+01 2.283649879502877678e+00 7.233020853455710553e-01
3.831820962457310742e+01 2.547403383888020567e+00 6.999116555871830458e-01
4.090061033267791402e+01 2.571507054199981823e+00 6.961902554373616825e-01
3.748851842430311621e+01 2.055285987962202299e+00 2.694332897825107986e-01
3.705267305279777901e+01 2.723174957112859396e+00 3.642122962769222538e-01
3.854714520236657194e+01 2.874101944960140376e+00 2.705885586947470167e-01
3.717191550358531060e+01 2.793860344454114575e+00 3.179850685068189575e-01
3.650353753234197285e+01 2.851319393885834330e+00 3.710791462957024334e-01
3.593016336287741552e+01 3.771415251388035461e+00 1.105793335558588497e+00
3.717170633560857596e+01 1.033817612389300145e+00 1.215186419128680084e+00
3.972497867563070173e+01 4.844939746245695567e+00 1.371322507339089114e+00
3.679843538435444117e+01 2.227211547854599516e+01 2.255969658356573593e+00
4.638120452878537492e+01 7.616576275562585430e-01 3.363256165161195854e-01
4.401200612741991591e+01 7.521922406629352187e-01 4.952844101882702965e-01
4.623077858890615488e+01 2.103236649922658685e+00 6.113804896375980569e-01
4.684344013089136638e+01 2.360981033211478675e+00 5.826004886197804211e-01
4.268306991924293925e+01 1.925223008924223711e+00 2.156118129966649588e-01
4.577450724201266752e+01 2.344584448290190082e+00 2.750381467074797803e-01
4.689548704259365763e+01 3.157996892696455671e+00 6.643600526780202298e-01
4.539458853300412500e+01 1.076512823539484964e+00 7.177576687353728335e-01
4.476116574639117118e+01 2.478103584094752954e+00 6.705926153731899264e-01
4.697758338559803803e+01 1.569183544805538233e+00 7.094113961995311968e-01
4.967783105958081791e+01 2.739781762697579559e+00 7.645950866728362660e-01
4.967179720993562597e+01 2.972745013491795429e+00 2.568459452195081538e-01
4.634638727968498273e+01 2.771032588443032019e+00 3.424477400623144874e-01
4.880553948950967680e+01 3.392533352570682226e+00 2.930837443430475697e-01
4.397923829793772654e+01 3.273504861005200883e+00 7.989543216874728238e-01
4.250384668245868625e+01 -2.968314847712782978e-01 8.484271850749153243e-01
4.754505994606461172e+01 4.674061581132554544e+00 1.028668534986991068e+00
4.667626279482102092e+01 4.976198797564296505e+00 7.515663205501573740e-01
4.480098304689879996e+01 7.637151242346578606e+00 8.959383014977753135e-01
5.829045966998418749e+01 5.643185570578388432e-01 3.521578424746247271e-01
5.565038405981660929e+01 1.310275283905248944e+00 5.254068914558558401e-01
5.123673049379946320e+01 1.707824733550621810e+00 4.731593729554273708e-01
5.170464164475814073e+01 1.499568288163218188e+00 1.834773749264476950e-01
5.594786205279263669e+01 1.699649754901373599e+00 2.570202126377316154e-01
5.378445882828512481e+01 4.144362344606281390e+00 7.162179132628556655e-01
5.853611651546419381e+01 2.161390605921083896e+00 7.080513582802567818e-01
5.229703626866329103e+01 4.165527205850373171e+00 7.320463376730977911e-01
5.799011743727177048e+01 2.970399340087112705e+00 7.569322789213356328e-01
5.509609524266362968e+01 2.491275518066960348e+00 2.860273448903951632e-01
5.789714512570581917e+01 2.973201361586188085e+00 2.954979826190822778e-01
5.387624111082118361e+01 2.824088534594817013e+00 9.886244548324797377e-01
5.504267551053194296e+01 3.094566094153849090e+00 9.956669188694692307e-01
5.444497678044414357e+01 4.057561249085842370e+00 1.240691083143756535e+00
5.255919332907092922e+01 6.264170221948089257e+00 1.728706313474951406e+00
5.782888366544935366e+01 5.406344537200906686e+00 2.247404050241433193e+00
6.675837461056627831e+01 1.830861787451668832e+00 4.431572247498225536e-01
6.779086108185542514e+01 1.552978933123976724e+00 1.782034763294451374e-01
6.092548972624222614e+01 1.371335475773115098e+00 2.837627214057884539e-01
6.886626384689837721e+01 7.050105528552137457e-01 6.193112563855606156e-01
6.493039001996140769e+01 2.075432515552467105e+00 3.554407776845341371e-01
5.984628025703887033e+01 2.079663367518218564e+00 2.583451188090625794e-01
6.497255038341911870e+01 2.330175498207887941e+00 2.762121539535784542e-01
6.995746686138733139e+01 2.410556998556368402e+00 2.560578760566186718e-01
6.556206174560075794e+01 1.926693528921543663e+00 8.145815133390659213e-01
6.506002492244871860e+01 2.520500323307597768e+00 4.063213350831511028e-01
6.086794976233055365e+01 2.435812472275862284e+00 2.843041673711027562e-01
6.161607696599726580e+01 2.548019595028484297e+00 2.807563201811293929e-01
6.087095179372074227e+01 1.985587434166519394e+00 9.398538206722507615e-01
6.042327312213502921e+01 1.173273076002709203e+01 3.784770422654502031e+00
6.540855715972143969e+01 7.587416795070060616e+00 5.342825214556812696e+00
6.398189866513511959e+01 3.478942823685763130e+01 7.750766694604247498e+00
7.122757492859408046e+01 1.248703152650280979e+00 3.695081450006231227e-01
7.677915767212599008e+01 7.721624811350644713e-01 3.987766561241527508e-01
8.057374506192964247e+01 2.057803445324146274e+00 4.559404943288198897e-01
7.410882779870615877e+01 2.369340918113993943e+00 5.553878752536602903e-01
8.045532472110711808e+01 2.079914969780376488e+00 2.191294270141942724e-01
8.399257825408544420e+01 3.695064541793709800e+00 7.402100412057316392e-01
8.116366711536004175e+01 1.970550662817133869e+00 7.060066771962122401e-01
7.586946578496601035e+01 2.335676273450734808e+00 2.594036065196118623e-01
7.939487380829953622e+01 3.468179386324037772e+00 2.770163037145345064e-01
7.767831561493166248e+01 2.067076922163068708e+00 1.107530309396530077e+00
9.684353963973461532e+01 1.457042859812614832e+00 1.769470106668182274e-01
8.626099781403291900e+01 1.809292894288245135e+00 1.943789761080522149e-01
8.798748515185116048e+01 1.609246627368094096e+00 5.655949766097226883e-01
8.690242879611052729e+01 1.812174976948187632e+00 5.788128593739120253e-01
9.488289520387797893e+01 1.703753551248639031e+00 2.746188086457763688e-01
8.592537929677411057e+01 1.199024978261340024e+00 6.298634412567055696e-01
9.425406584723788228e+01 2.750090670568469786e+00 7.090032692645406032e-01
8.963337968016915625e+01 6.486476592443244371e-01 7.570639817431752405e-01
8.745909797793274265e+01 1.342571285570066220e+00 9.650609446182228934e-01
9.830324126934544893e+01 2.904715244708486299e+00 3.075983620716501998e-01
9.620197426538919672e+01 6.208512264855301943e+00 1.434555793797357426e+00
8.896102247759361603e+01 5.620394652082658205e+00 6.721495470268046279e-01
9.318351164570954381e+01 5.037712573445344511e+00 1.951537847165433437e+00
9.790223832609173371e+01 7.252670953646674690e+00 2.381460624099849266e+00
8.754665778693343725e+01 2.066975776758379268e+01 8.557529616070324252e+00
1.005662938313815715e+02 1.646656022170545741e+00 2.637775816948534358e-01
1.034886954586246333e+02 2.543681418299064134e+00 7.827073899878675967e-01
1.159712925018578034e+02 2.650924121182510973e+00 7.879224776759889970e-01
1.163648903580382949e+02 6.570792410120070315e+00 1.758222885634801669e+00
1.178489439741119043e+02 1.866689617787860911e+01 5.737909395201195473e+00
1.319070332460051702e+02 2.382825484365717728e+00 4.333239896020057436e-01
1.341317217809294107e+02 2.680108299806771566e+00 6.183919683570239245e-01
1.236054146301954688e+02 3.589563115736557730e+00 7.975243786286875247e-01
1.341498775028306341e+02 4.883129915194217574e+00 1.070836771073258697e+00
1.229668255253436229e+02 2.340982948199382463e+00 1.131967791216516916e+00
1.275553190790263756e+02 5.420923821498777606e+00 1.398547423867264161e+00
1.333479104784825608e+02 7.668818274437951388e+00 2.287720039337576505e+00
1.680495361674947503e+02 1.196870622607911328e+00 1.375814729566766925e-01
1.491408022007485386e+02 1.412788481489800407e+00 5.432650282768235472e-01
1.631328931384638850e+02 2.446469503949419089e+00 6.247008417400341518e-01
1.427706184749754641e+02 2.302763576447461880e+00 2.575124444529592882e-01
1.554785373228810386e+02 2.599424098873496014e+00 7.812125928505199157e-01
1.518880125641381369e+02 3.072063661034761584e+00 3.778350572789544448e-01
1.583244248983658338e+02 1.916750878987499851e+00 8.977657671723022759e-01
1.688217726804734582e+02 1.044971960685056711e+00 5.017409139314337185e-01
1.980921349914552252e+02 1.532390945113041303e+00 6.723397013580713066e-01
1.713537096972208076e+02 2.575377744856370388e+00 7.495430940512786133e-01
1.856020714284670419e+02 2.773746998519134976e+00 3.386641749524011424e-01
1.817572769285792447e+02 3.708826553498091982e+00 5.108752770328289783e-01
1.826534471618323039e+02 3.799908220308100049e+00 1.142451660040438854e+00
2.283475934405235535e+02 3.001316698915429626e+00 8.077993661367441902e-01
2.255375281411572814e+02 4.046322269409626138e+00 8.670903352969978606e-01
2.643118719372151304e+02 2.637733631136344403e+00 2.347037491073026005e-01
2.658727198645231056e+02 3.483133722220538964e+00 8.517885906571305288e-01
2.726584416185571627e+02 4.208755300032912317e+00 5.221945539002272874e-01
3.152580502611912721e+02 9.345846579118497477e-01 6.781735110258413357e-01
3.212869615622453807e+02 2.100179161872767430e+00 2.994223665943513968e-01
3.906230622709565523e+02 2.604492061382698509e+00 9.525805875702236802e-01
3.790203457316645199e+02 1.730789149647304015e+00 1.248453304791900864e+00
